[[ 0.68768971  0.7245163   0.04646507  0.        ]
 [-0.71932333  0.68862694 -0.09147073  0.        ]
 [-0.09826914  0.02948007  0.99472313  0.        ]
 [ 0.          0.          0.          1.        ]]

[[ 0.68779125  0.72444922  0.04600567  0.        ]
 [-0.7193321   0.68870162 -0.09083724  0.        ]
 [-0.09749115  0.02938371  0.99480253  0.        ]
 [ 0.          0.          0.          1.        ]]

[[ 0.68779125  0.72444922  0.04600567  0.        ]
 [-0.7193321   0.68870162 -0.09083724  0.        ]
 [-0.09749115  0.02938371  0.99480253  0.        ]
 [ 0.          0.          0.          1.        ]]

[[ 0.68779125  0.72444922  0.04600567  0.        ]
 [-0.7193321   0.68870162 -0.09083724  0.        ]
 [-0.09749115  0.02938371  0.99480253  0.        ]
 [ 0.          0.          0.          1.        ]]

[[ 0.68779125  0.72444922  0.04600567  0.        ]
 [-0.7193321   0.68870162 -0.09083724  0.        ]
 [-0.09749115  0.02938371  0.99480253  0.        ]
 [ 0.          0.          0.          1.        ]]

[[ 0.68783485  0.72440405  0.04606511  0.        ]
 [-0.7192829   0.68875003 -0.09085981  0.        ]
 [-0.09754656  0.0293627   0.99479772  0.        ]
 [ 0.          0.          0.          1.        ]]

[[ 0.68783485  0.72440405  0.04606511  0.        ]
 [-0.7192829   0.68875003 -0.09085981  0.        ]
 [-0.09754656  0.0293627   0.99479772  0.        ]
 [ 0.          0.          0.          1.        ]]

[[ 0.68792197  0.72431684  0.04613543  0.        ]
 [-0.71917799  0.68883872 -0.09101777  0.        ]
 [-0.09770558  0.02943354  0.99478002  0.        ]
 [ 0.          0.          0.          1.        ]]

[[ 0.68792197  0.72431684  0.04613543  0.        ]
 [-0.71917799  0.68883872 -0.09101777  0.        ]
 [-0.09770558  0.02943354  0.99478002  0.        ]
 [ 0.          0.          0.          1.        ]]

[[ 0.68799939  0.72423239  0.04630644  0.        ]
 [-0.71906531  0.68892535 -0.09125214  0.        ]
 [-0.09798943  0.02948407  0.9947506   0.        ]
 [ 0.          0.          0.          1.        ]]

[[ 0.68799939  0.72423239  0.04630644  0.        ]
 [-0.71906531  0.68892535 -0.09125214  0.        ]
 [-0.09798943  0.02948407  0.9947506   0.        ]
 [ 0.          0.          0.          1.        ]]

[[ 0.68802839  0.72419408  0.0464744   0.        ]
 [-0.71899868  0.6889636  -0.09148803  0.        ]
 [-0.09827426  0.02953134  0.9947211   0.        ]
 [ 0.          0.          0.          1.        ]]

[[ 0.68802839  0.72419408  0.0464744   0.        ]
 [-0.71899868  0.6889636  -0.09148803  0.        ]
 [-0.09827426  0.02953134  0.9947211   0.        ]
 [ 0.          0.          0.          1.        ]]

[[ 0.68806218  0.72415558  0.04657384  0.        ]
 [-0.71893343  0.68899977 -0.09172804  0.        ]
 [-0.09851474  0.0296311   0.99469435  0.        ]
 [ 0.          0.          0.          1.        ]]

[[ 0.68806218  0.72415558  0.04657384  0.        ]
 [-0.71893343  0.68899977 -0.09172804  0.        ]
 [-0.09851474  0.0296311   0.99469435  0.        ]
 [ 0.          0.          0.          1.        ]]

[[ 0.68807678  0.72414791  0.04647746  0.        ]
 [-0.71895251  0.68901198 -0.09148648  0.        ]
 [-0.09827327  0.02953463  0.9947211   0.        ]
 [ 0.          0.          0.          1.        ]]

[[ 0.68807678  0.72414791  0.04647746  0.        ]
 [-0.71895251  0.68901198 -0.09148648  0.        ]
 [-0.09827327  0.02953463  0.9947211   0.        ]
 [ 0.          0.          0.          1.        ]]

[[ 0.68807675  0.72414871  0.04646533  0.        ]
 [-0.71895089  0.68900993 -0.0915147   0.        ]
 [-0.09828532  0.02956285  0.99471907  0.        ]
 [ 0.          0.          0.          1.        ]]

[[ 0.68807675  0.72414871  0.04646533  0.        ]
 [-0.71895089  0.68900993 -0.0915147   0.        ]
 [-0.09828532  0.02956285  0.99471907  0.        ]
 [ 0.          0.          0.          1.        ]]

[[ 0.68812998  0.72409844  0.04646054  0.        ]
 [-0.71891437  0.68906642 -0.09137619  0.        ]
 [-0.09817975  0.02947755  0.99473203  0.        ]
 [ 0.          0.          0.          1.        ]]

[[ 0.68812998  0.72409844  0.04646054  0.        ]
 [-0.71891437  0.68906642 -0.09137619  0.        ]
 [-0.09817975  0.02947755  0.99473203  0.        ]
 [ 0.          0.          0.          1.        ]]

[[ 0.68813965  0.72409259  0.04640841  0.        ]
 [-0.71892872  0.68907651 -0.09118694  0.        ]
 [-0.09800673  0.02938501  0.99475183  0.        ]
 [ 0.          0.          0.          1.        ]]

[[ 0.68813965  0.72409259  0.04640841  0.        ]
 [-0.71892872  0.68907651 -0.09118694  0.        ]
 [-0.09800673  0.02938501  0.99475183  0.        ]
 [ 0.          0.          0.          1.        ]]

[[ 0.68817832  0.72404841  0.04652426  0.        ]
 [-0.71887645  0.68912487 -0.09123357  0.        ]
 [-0.09811854  0.02933977  0.99474214  0.        ]
 [ 0.          0.          0.          1.        ]]

[[ 0.68817832  0.72404841  0.04652426  0.        ]
 [-0.71887645  0.68912487 -0.09123357  0.        ]
 [-0.09811854  0.02933977  0.99474214  0.        ]
 [ 0.          0.          0.          1.        ]]

[[ 0.68822184  0.72400556  0.04654732  0.        ]
 [-0.71882229  0.68916717 -0.09134073  0.        ]
 [-0.09821008  0.02940344  0.99473123  0.        ]
 [ 0.          0.          0.          1.        ]]

[[ 0.68822184  0.72400556  0.04654732  0.        ]
 [-0.71882229  0.68916717 -0.09134073  0.        ]
 [-0.09821008  0.02940344  0.99473123  0.        ]
 [ 0.          0.          0.          1.        ]]

[[ 0.68822181  0.72400324  0.04658371  0.        ]
 [-0.71882725  0.68917321 -0.09125609  0.        ]
 [-0.09817395  0.02931879  0.99473729  0.        ]
 [ 0.          0.          0.          1.        ]]

[[ 0.68822181  0.72400324  0.04658371  0.        ]
 [-0.71882725  0.68917321 -0.09125609  0.        ]
 [-0.09817395  0.02931879  0.99473729  0.        ]
 [ 0.          0.          0.          1.        ]]

[[ 0.68823153  0.72399736  0.04653157  0.        ]
 [-0.71884156  0.68918332 -0.09106683  0.        ]
 [-0.09800093  0.02922624  0.99475708  0.        ]
 [ 0.          0.          0.          1.        ]]

[[ 0.68823153  0.72399736  0.04653157  0.        ]
 [-0.71884156  0.68918332 -0.09106683  0.        ]
 [-0.09800093  0.02922624  0.99475708  0.        ]
 [ 0.          0.          0.          1.        ]]

[[ 0.6882315   0.72399817  0.04651944  0.        ]
 [-0.71883994  0.68918128 -0.09109506  0.        ]
 [-0.09801298  0.02925446  0.99475506  0.        ]
 [ 0.          0.          0.          1.        ]]

[[ 0.6882315   0.72399817  0.04651944  0.        ]
 [-0.71883994  0.68918128 -0.09109506  0.        ]
 [-0.09801298  0.02925446  0.99475506  0.        ]
 [ 0.          0.          0.          1.        ]]

[[ 0.68824599  0.7239898   0.04643515  0.        ]
 [-0.71886059  0.68919535 -0.09082528  0.        ]
 [-0.09775947  0.02912973  0.99478367  0.        ]
 [ 0.          0.          0.          1.        ]]

[[ 0.68824599  0.7239898   0.04643515  0.        ]
 [-0.71886059  0.68919535 -0.09082528  0.        ]
 [-0.09775947  0.02912973  0.99478367  0.        ]
 [ 0.          0.          0.          1.        ]]

[[ 0.68816867  0.72407812  0.04620348  0.        ]
 [-0.71896498  0.68909873 -0.09073201  0.        ]
 [-0.09753582  0.02922024  0.99480297  0.        ]
 [ 0.          0.          0.          1.        ]]

[[ 0.68816867  0.72407812  0.04620348  0.        ]
 [-0.71896498  0.68909873 -0.09073201  0.        ]
 [-0.09753582  0.02922024  0.99480297  0.        ]
 [ 0.          0.          0.          1.        ]]

[[ 0.68822181  0.72403256  0.04612586  0.        ]
 [-0.71891863  0.68914303 -0.09076281  0.        ]
 [-0.09750254  0.02930421  0.99480376  0.        ]
 [ 0.          0.          0.          1.        ]]

[[ 0.68822181  0.72403256  0.04612586  0.        ]
 [-0.71891863  0.68914303 -0.09076281  0.        ]
 [-0.09750254  0.02930421  0.99480376  0.        ]
 [ 0.          0.          0.          1.        ]]

[[ 0.68821701  0.72403198  0.04620652  0.        ]
 [-0.71891884  0.68914707 -0.09073046  0.        ]
 [-0.09753484  0.02922351  0.99480297  0.        ]
 [ 0.          0.          0.          1.        ]]

[[ 0.68821701  0.72403198  0.04620652  0.        ]
 [-0.71891884  0.68914707 -0.09073046  0.        ]
 [-0.09753484  0.02922351  0.99480297  0.        ]
 [ 0.          0.          0.          1.        ]]

[[ 0.68826051  0.72398838  0.0462417   0.        ]
 [-0.7188664   0.68919137 -0.09080944  0.        ]
 [-0.09761436  0.02925895  0.99479412  0.        ]
 [ 0.          0.          0.          1.        ]]

[[ 0.68826051  0.72398838  0.0462417   0.        ]
 [-0.7188664   0.68919137 -0.09080944  0.        ]
 [-0.09761436  0.02925895  0.99479412  0.        ]
 [ 0.          0.          0.          1.        ]]

[[ 0.68824604  0.72399208  0.04639876  0.        ]
 [-0.71885562  0.68918937 -0.09090992  0.        ]
 [-0.0977956   0.02921438  0.99477763  0.        ]
 [ 0.          0.          0.          1.        ]]

[[ 0.68824604  0.72399208  0.04639876  0.        ]
 [-0.71885562  0.68918937 -0.09090992  0.        ]
 [-0.0977956   0.02921438  0.99477763  0.        ]
 [ 0.          0.          0.          1.        ]]

[[ 0.68824603  0.72399054  0.04642302  0.        ]
 [-0.71885891  0.68919338 -0.09085349  0.        ]
 [-0.09777151  0.02915795  0.99478166  0.        ]
 [ 0.          0.          0.          1.        ]]

[[ 0.68824603  0.72399054  0.04642302  0.        ]
 [-0.71885891  0.68919338 -0.09085349  0.        ]
 [-0.09777151  0.02915795  0.99478166  0.        ]
 [ 0.          0.          0.          1.        ]]

[[ 0.6882799   0.7239504   0.04654675  0.        ]
 [-0.71879702  0.6892337  -0.09103706  0.        ]
 [-0.09798791  0.02920131  0.99475909  0.        ]
 [ 0.          0.          0.          1.        ]]

[[ 0.6882799   0.7239504   0.04654675  0.        ]
 [-0.71879702  0.6892337  -0.09103706  0.        ]
 [-0.09798791  0.02920131  0.99475909  0.        ]
 [ 0.          0.          0.          1.        ]]

[[ 0.68822181  0.72400324  0.04658371  0.        ]
 [-0.71882725  0.68917321 -0.09125609  0.        ]
 [-0.09817395  0.02931879  0.99473729  0.        ]
 [ 0.          0.          0.          1.        ]]

[[ 0.68822181  0.72400324  0.04658371  0.        ]
 [-0.71882725  0.68917321 -0.09125609  0.        ]
 [-0.09817395  0.02931879  0.99473729  0.        ]
 [ 0.          0.          0.          1.        ]]

[[ 0.68816864  0.72405191  0.04661279  0.        ]
 [-0.71886702  0.68912085 -0.09133817  0.        ]
 [-0.09825542  0.02934767  0.9947284   0.        ]
 [ 0.          0.          0.          1.        ]]

[[ 0.68816864  0.72405191  0.04661279  0.        ]
 [-0.71886702  0.68912085 -0.09133817  0.        ]
 [-0.09825542  0.02934767  0.9947284   0.        ]
 [ 0.          0.          0.          1.        ]]

[[ 0.68817346  0.72404861  0.04659278  0.        ]
 [-0.71887504  0.68912688 -0.09122944  0.        ]
 [-0.09816289  0.02928729  0.99473931  0.        ]
 [ 0.          0.          0.          1.        ]]

[[ 0.68817346  0.72404861  0.04659278  0.        ]
 [-0.71887504  0.68912688 -0.09122944  0.        ]
 [-0.09816289  0.02928729  0.99473931  0.        ]
 [ 0.          0.          0.          1.        ]]

[[ 0.68817348  0.72405016  0.04656852  0.        ]
 [-0.71887174  0.68912286 -0.09128587  0.        ]
 [-0.09818698  0.02934372  0.99473527  0.        ]
 [ 0.          0.          0.          1.        ]]

[[ 0.68817348  0.72405016  0.04656852  0.        ]
 [-0.71887174  0.68912286 -0.09128587  0.        ]
 [-0.09818698  0.02934372  0.99473527  0.        ]
 [ 0.          0.          0.          1.        ]]

[[ 0.68817348  0.72405016  0.04656852  0.        ]
 [-0.71887174  0.68912286 -0.09128587  0.        ]
 [-0.09818698  0.02934372  0.99473527  0.        ]
 [ 0.          0.          0.          1.        ]]

[[ 0.68817348  0.72405016  0.04656852  0.        ]
 [-0.71887174  0.68912286 -0.09128587  0.        ]
 [-0.09818698  0.02934372  0.99473527  0.        ]
 [ 0.          0.          0.          1.        ]]

[[ 0.68825074  0.72396335  0.04677597  0.        ]
 [-0.7187639   0.6892155  -0.09143552  0.        ]
 [-0.09843469  0.02930969  0.99471179  0.        ]
 [ 0.          0.          0.          1.        ]]

[[ 0.68825074  0.72396335  0.04677597  0.        ]
 [-0.7187639   0.6892155  -0.09143552  0.        ]
 [-0.09843469  0.02930969  0.99471179  0.        ]
 [ 0.          0.          0.          1.        ]]

[[ 0.68832794  0.72387809  0.04695918  0.        ]
 [-0.71865268  0.6893041  -0.09164157  0.        ]
 [-0.09870648  0.02933211  0.9946842   0.        ]
 [ 0.          0.          0.          1.        ]]

[[ 0.68832794  0.72387809  0.04695918  0.        ]
 [-0.71865268  0.6893041  -0.09164157  0.        ]
 [-0.09870648  0.02933211  0.9946842   0.        ]
 [ 0.          0.          0.          1.        ]]

[[ 0.68836162  0.72383565  0.04711931  0.        ]
 [-0.71859564  0.68935041 -0.09174046  0.        ]
 [-0.09888673  0.02929088  0.99466751  0.        ]
 [ 0.          0.          0.          1.        ]]

[[ 0.68836162  0.72383565  0.04711931  0.        ]
 [-0.71859564  0.68935041 -0.09174046  0.        ]
 [-0.09888673  0.02929088  0.99466751  0.        ]
 [ 0.          0.          0.          1.        ]]

[[ 0.68831326  0.72388263  0.04710411  0.        ]
 [-0.71864017  0.68930003 -0.09177025  0.        ]
 [-0.09889975  0.02931578  0.99466548  0.        ]
 [ 0.          0.          0.          1.        ]]

[[ 0.68831326  0.72388263  0.04710411  0.        ]
 [-0.71864017  0.68930003 -0.09177025  0.        ]
 [-0.09889975  0.02931578  0.99466548  0.        ]
 [ 0.          0.          0.          1.        ]]

[[ 0.68836651  0.72383546  0.04705079  0.        ]
 [-0.71859706  0.68934838 -0.0917446   0.        ]
 [-0.09884238  0.02934335  0.99467037  0.        ]
 [ 0.          0.          0.          1.        ]]

[[ 0.68836651  0.72383546  0.04705079  0.        ]
 [-0.71859706  0.68934838 -0.0917446   0.        ]
 [-0.09884238  0.02934335  0.99467037  0.        ]
 [ 0.          0.          0.          1.        ]]

[[ 0.68840016  0.72379302  0.04721093  0.        ]
 [-0.71854     0.68939469 -0.09184346  0.        ]
 [-0.09902263  0.02930211  0.99465366  0.        ]
 [ 0.          0.          0.          1.        ]]

[[ 0.68840016  0.72379302  0.04721093  0.        ]
 [-0.71854     0.68939469 -0.09184346  0.        ]
 [-0.09902263  0.02930211  0.99465366  0.        ]
 [ 0.          0.          0.          1.        ]]

[[ 0.68838545  0.72379596  0.04738013  0.        ]
 [-0.71853076  0.6893947  -0.0919157   0.        ]
 [-0.09919182  0.02922935  0.99463894  0.        ]
 [ 0.          0.          0.          1.        ]]

[[ 0.68838545  0.72379596  0.04738013  0.        ]
 [-0.71853076  0.6893947  -0.0919157   0.        ]
 [-0.09919182  0.02922935  0.99463894  0.        ]
 [ 0.          0.          0.          1.        ]]

[[ 0.68838547  0.72379991  0.04731949  0.        ]
 [-0.71852243  0.68938455 -0.09205677  0.        ]
 [-0.09925201  0.02937043  0.99462878  0.        ]
 [ 0.          0.          0.          1.        ]]

[[ 0.68838547  0.72379991  0.04731949  0.        ]
 [-0.71852243  0.68938455 -0.09205677  0.        ]
 [-0.09925201  0.02937043  0.99462878  0.        ]
 [ 0.          0.          0.          1.        ]]

[[ 0.68844849  0.72375002  0.0471655   0.        ]
 [-0.7184872   0.68943489 -0.09195475  0.        ]
 [-0.0990698   0.0294183   0.99464553  0.        ]
 [ 0.          0.          0.          1.        ]]

[[ 0.68844849  0.72375002  0.0471655   0.        ]
 [-0.7184872   0.68943489 -0.09195475  0.        ]
 [-0.0990698   0.0294183   0.99464553  0.        ]
 [ 0.          0.          0.          1.        ]]

[[ 0.68848706  0.72371052  0.04720864  0.        ]
 [-0.71842484  0.68947105 -0.09217061  0.        ]
 [-0.09925382  0.02954241  0.99462351  0.        ]
 [ 0.          0.          0.          1.        ]]

[[ 0.68848706  0.72371052  0.04720864  0.        ]
 [-0.71842484  0.68947105 -0.09217061  0.        ]
 [-0.09925382  0.02954241  0.99462351  0.        ]
 [ 0.          0.          0.          1.        ]]

[[ 0.68866057  0.7235354   0.04736175  0.        ]
 [-0.71821618  0.68964993 -0.09245808  0.        ]
 [-0.09955972  0.02965626  0.99458955  0.        ]
 [ 0.          0.          0.          1.        ]]

[[ 0.68866057  0.7235354   0.04736175  0.        ]
 [-0.71821618  0.68964993 -0.09245808  0.        ]
 [-0.09955972  0.02965626  0.99458955  0.        ]
 [ 0.          0.          0.          1.        ]]

[[ 0.68866057  0.7235354   0.04736175  0.        ]
 [-0.71821618  0.68964993 -0.09245808  0.        ]
 [-0.09955972  0.02965626  0.99458955  0.        ]
 [ 0.          0.          0.          1.        ]]

[[ 0.68866057  0.7235354   0.04736175  0.        ]
 [-0.71821618  0.68964993 -0.09245808  0.        ]
 [-0.09955972  0.02965626  0.99458955  0.        ]
 [ 0.          0.          0.          1.        ]]

[[ 0.68871877  0.72348322  0.04731264  0.        ]
 [-0.71818447  0.6897085  -0.09226727  0.        ]
 [-0.09938575  0.029567    0.9946096   0.        ]
 [ 0.          0.          0.          1.        ]]

[[ 0.68871877  0.72348322  0.04731264  0.        ]
 [-0.71818447  0.6897085  -0.09226727  0.        ]
 [-0.09938575  0.029567    0.9946096   0.        ]
 [ 0.          0.          0.          1.        ]]

[[ 0.68877198  0.72343447  0.04728357  0.        ]
 [-0.71814471  0.68976088 -0.09218518  0.        ]
 [-0.09930429  0.02953812  0.9946186   0.        ]
 [ 0.          0.          0.          1.        ]]

[[ 0.68877198  0.72343447  0.04728357  0.        ]
 [-0.71814471  0.68976088 -0.09218518  0.        ]
 [-0.09930429  0.02953812  0.9946186   0.        ]
 [ 0.          0.          0.          1.        ]]

[[ 0.68881533  0.7233885   0.04735518  0.        ]
 [-0.71809712  0.68981119 -0.09217944  0.        ]
 [-0.09934768  0.02948899  0.99461572  0.        ]
 [ 0.          0.          0.          1.        ]]

[[ 0.68881533  0.7233885   0.04735518  0.        ]
 [-0.71809712  0.68981119 -0.09217944  0.        ]
 [-0.09934768  0.02948899  0.99461572  0.        ]
 [ 0.          0.          0.          1.        ]]

[[ 0.68885876  0.72334325  0.04741468  0.        ]
 [-0.71804779  0.68985953 -0.0922019   0.        ]
 [-0.09940309  0.02946809  0.99461081  0.        ]
 [ 0.          0.          0.          1.        ]]

[[ 0.68885876  0.72334325  0.04741468  0.        ]
 [-0.71804779  0.68985953 -0.0922019   0.        ]
 [-0.09940309  0.02946809  0.99461081  0.        ]
 [ 0.          0.          0.          1.        ]]

[[ 0.6888735   0.72333554  0.04731816  0.        ]
 [-0.71806703  0.68987174 -0.09196042  0.        ]
 [-0.0991617   0.02937148  0.99463776  0.        ]
 [ 0.          0.          0.          1.        ]]

[[ 0.6888735   0.72333554  0.04731816  0.        ]
 [-0.71806703  0.68987174 -0.09196042  0.        ]
 [-0.0991617   0.02937148  0.99463776  0.        ]
 [ 0.          0.          0.          1.        ]]

[[ 0.6888014   0.72341352  0.04717541  0.        ]
 [-0.71819467  0.68979947 -0.09150464  0.        ]
 [-0.09873727  0.0291474   0.99468657  0.        ]
 [ 0.          0.          0.          1.        ]]

[[ 0.6888014   0.72341352  0.04717541  0.        ]
 [-0.71819467  0.68979947 -0.09150464  0.        ]
 [-0.09873727  0.0291474   0.99468657  0.        ]
 [ 0.          0.          0.          1.        ]]

[[ 0.68871453  0.72349606  0.04717768  0.        ]
 [-0.71830971  0.68972301 -0.09117748  0.        ]
 [-0.09850608  0.02890707  0.99471651  0.        ]
 [ 0.          0.          0.          1.        ]]

[[ 0.68871453  0.72349606  0.04717768  0.        ]
 [-0.71830971  0.68972301 -0.09117748  0.        ]
 [-0.09850608  0.02890707  0.99471651  0.        ]
 [ 0.          0.          0.          1.        ]]

[[ 0.68870964  0.72349467  0.04727044  0.        ]
 [-0.71831162  0.68972903 -0.09111689  0.        ]
 [-0.09852638  0.02879817  0.99471766  0.        ]
 [ 0.          0.          0.          1.        ]]

[[ 0.68870964  0.72349467  0.04727044  0.        ]
 [-0.71831162  0.68972903 -0.09111689  0.        ]
 [-0.09852638  0.02879817  0.99471766  0.        ]
 [ 0.          0.          0.          1.        ]]

[[ 0.68874816  0.72345042  0.04738631  0.        ]
 [-0.71825933  0.68977733 -0.09116344  0.        ]
 [-0.09863823  0.02875299  0.99470788  0.        ]
 [ 0.          0.          0.          1.        ]]

[[ 0.68874816  0.72345042  0.04738631  0.        ]
 [-0.71825933  0.68977733 -0.09116344  0.        ]
 [-0.09863823  0.02875299  0.99470788  0.        ]
 [ 0.          0.          0.          1.        ]]

[[ 0.68879154  0.7234084   0.04739729  0.        ]
 [-0.71820351  0.68981755 -0.09129881  0.        ]
 [-0.09874181  0.02884494  0.99469494  0.        ]
 [ 0.          0.          0.          1.        ]]

[[ 0.68879154  0.7234084   0.04739729  0.        ]
 [-0.71820351  0.68981755 -0.09129881  0.        ]
 [-0.09874181  0.02884494  0.99469494  0.        ]
 [ 0.          0.          0.          1.        ]]

[[ 0.68882031  0.72336997  0.04756539  0.        ]
 [-0.7181367   0.68985586 -0.09153455  0.        ]
 [-0.0990266   0.0288924   0.99466525  0.        ]
 [ 0.          0.          0.          1.        ]]

[[ 0.68882031  0.72336997  0.04756539  0.        ]
 [-0.7181367   0.68985586 -0.09153455  0.        ]
 [-0.0990266   0.0288924   0.99466525  0.        ]
 [ 0.          0.          0.          1.        ]]

[[ 0.68886364  0.72332559  0.04761274  0.        ]
 [-0.71808582  0.68990209 -0.09158524  0.        ]
 [-0.09909407  0.02889971  0.99465832  0.        ]
 [ 0.          0.          0.          1.        ]]

[[ 0.68886364  0.72332559  0.04761274  0.        ]
 [-0.71808582  0.68990209 -0.09158524  0.        ]
 [-0.09909407  0.02889971  0.99465832  0.        ]
 [ 0.          0.          0.          1.        ]]

[[ 0.68891193  0.7232794   0.0476158   0.        ]
 [-0.71803963  0.68995038 -0.09158364  0.        ]
 [-0.0990931   0.02890303  0.99465832  0.        ]
 [ 0.          0.          0.          1.        ]]

[[ 0.68891193  0.7232794   0.0476158   0.        ]
 [-0.71803963  0.68995038 -0.09158364  0.        ]
 [-0.0990931   0.02890303  0.99465832  0.        ]
 [ 0.          0.          0.          1.        ]]

[[ 0.68895531  0.72323974  0.04759047  0.        ]
 [-0.71797872  0.68998453 -0.09180365  0.        ]
 [-0.09923274  0.02907967  0.99463925  0.        ]
 [ 0.          0.          0.          1.        ]]

[[ 0.68895531  0.72323974  0.04759047  0.        ]
 [-0.71797872  0.68998453 -0.09180365  0.        ]
 [-0.09923274  0.02907967  0.99463925  0.        ]
 [ 0.          0.          0.          1.        ]]

[[ 0.68901836  0.7231906   0.04742432  0.        ]
 [-0.71794172  0.69003283 -0.09172989  0.        ]
 [-0.09906253  0.02915568  0.99465399  0.        ]
 [ 0.          0.          0.          1.        ]]

[[ 0.68901836  0.7231906   0.04742432  0.        ]
 [-0.71794172  0.69003283 -0.09172989  0.        ]
 [-0.09906253  0.02915568  0.99465399  0.        ]
 [ 0.          0.          0.          1.        ]]

[[ 0.68908131  0.72314465  0.04720972  0.        ]
 [-0.71789814  0.69007297 -0.09176905  0.        ]
 [-0.09894044  0.02934457  0.99466059  0.        ]
 [ 0.          0.          0.          1.        ]]

[[ 0.68908131  0.72314465  0.04720972  0.        ]
 [-0.71789814  0.69007297 -0.09176905  0.        ]
 [-0.09894044  0.02934457  0.99466059  0.        ]
 [ 0.          0.          0.          1.        ]]

[[ 0.68910089  0.72314933  0.04685083  0.        ]
 [-0.7178922   0.69005063 -0.09198327  0.        ]
 [-0.09884708  0.02975191  0.99465777  0.        ]
 [ 0.          0.          0.          1.        ]]

[[ 0.68910089  0.72314933  0.04685083  0.        ]
 [-0.7178922   0.69005063 -0.09198327  0.        ]
 [-0.09884708  0.02975191  0.99465777  0.        ]
 [ 0.          0.          0.          1.        ]]

[[ 0.68916379  0.72310092  0.04667256  0.        ]
 [-0.71785359  0.69009685 -0.09193778  0.        ]
 [-0.09868888  0.02985612  0.99467036  0.        ]
 [ 0.          0.          0.          1.        ]]

[[ 0.68916379  0.72310092  0.04667256  0.        ]
 [-0.71785359  0.69009685 -0.09193778  0.        ]
 [-0.09868888  0.02985612  0.99467036  0.        ]
 [ 0.          0.          0.          1.        ]]

[[ 0.6892457   0.72301386  0.04681163  0.        ]
 [-0.71774696  0.69018726 -0.09209145  0.        ]
 [-0.09889218  0.02987473  0.99464961  0.        ]
 [ 0.          0.          0.          1.        ]]

[[ 0.6892457   0.72301386  0.04681163  0.        ]
 [-0.71774696  0.69018726 -0.09209145  0.        ]
 [-0.09889218  0.02987473  0.99464961  0.        ]
 [ 0.          0.          0.          1.        ]]

[[ 0.68935198  0.72291473  0.04677762  0.        ]
 [-0.71767063  0.69029603 -0.09187089  0.        ]
 [-0.09870522  0.02976046  0.9946716   0.        ]
 [ 0.          0.          0.          1.        ]]

[[ 0.68935198  0.72291473  0.04677762  0.        ]
 [-0.71767063  0.69029603 -0.09187089  0.        ]
 [-0.09870522  0.02976046  0.9946716   0.        ]
 [ 0.          0.          0.          1.        ]]

[[ 0.68936657  0.72291018  0.04663259  0.        ]
 [-0.71768317  0.69030009 -0.09174232  0.        ]
 [-0.09851194  0.02977666  0.99469028  0.        ]
 [ 0.          0.          0.          1.        ]]

[[ 0.68936657  0.72291018  0.04663259  0.        ]
 [-0.71768317  0.69030009 -0.09174232  0.        ]
 [-0.09851194  0.02977666  0.99469028  0.        ]
 [ 0.          0.          0.          1.        ]]

[[ 0.68942455  0.7228604   0.04654704  0.        ]
 [-0.71764639  0.69035242 -0.09163623  0.        ]
 [-0.09837406  0.02977195  0.99470406  0.        ]
 [ 0.          0.          0.          1.        ]]

[[ 0.68942455  0.7228604   0.04654704  0.        ]
 [-0.71764639  0.69035242 -0.09163623  0.        ]
 [-0.09837406  0.02977195  0.99470406  0.        ]
 [ 0.          0.          0.          1.        ]]

[[ 0.68947283  0.72281025  0.04661065  0.        ]
 [-0.71760837  0.69041086 -0.09149354  0.        ]
 [-0.09831297  0.02963412  0.99471422  0.        ]
 [ 0.          0.          0.          1.        ]]

[[ 0.68947283  0.72281025  0.04661065  0.        ]
 [-0.71760837  0.69041086 -0.09149354  0.        ]
 [-0.09831297  0.02963412  0.99471422  0.        ]
 [ 0.          0.          0.          1.        ]]

[[ 0.68954503  0.72272587  0.04685045  0.        ]
 [-0.71749395  0.69049926 -0.09172349  0.        ]
 [-0.09864114  0.02963256  0.99468178  0.        ]
 [ 0.          0.          0.          1.        ]]

[[ 0.68954503  0.72272587  0.04685045  0.        ]
 [-0.71749395  0.69049926 -0.09172349  0.        ]
 [-0.09864114  0.02963256  0.99468178  0.        ]
 [ 0.          0.          0.          1.        ]]

[[ 0.68953528  0.72272628  0.04698751  0.        ]
 [-0.71749111  0.69050332 -0.09171511  0.        ]
 [-0.09872995  0.02952768  0.99467608  0.        ]
 [ 0.          0.          0.          1.        ]]

[[ 0.68953528  0.72272628  0.04698751  0.        ]
 [-0.71749111  0.69050332 -0.09171511  0.        ]
 [-0.09872995  0.02952768  0.99467608  0.        ]
 [ 0.          0.          0.          1.        ]]

[[ 0.68953524  0.72272317  0.04703593  0.        ]
 [-0.71749776  0.6905114  -0.09160221  0.        ]
 [-0.09868188  0.02941478  0.9946842   0.        ]
 [ 0.          0.          0.          1.        ]]

[[ 0.68953524  0.72272317  0.04703593  0.        ]
 [-0.71749776  0.6905114  -0.09160221  0.        ]
 [-0.09868188  0.02941478  0.9946842   0.        ]
 [ 0.          0.          0.          1.        ]]

[[ 0.68952547  0.72272593  0.04713666  0.        ]
 [-0.71748997  0.69050937 -0.09167851  0.        ]
 [-0.09880674  0.02939459  0.9946724   0.        ]
 [ 0.          0.          0.          1.        ]]

[[ 0.68952547  0.72272593  0.04713666  0.        ]
 [-0.71748997  0.69050937 -0.09167851  0.        ]
 [-0.09880674  0.02939459  0.9946724   0.        ]
 [ 0.          0.          0.          1.        ]]

[[ 0.68953528  0.72272391  0.04702382  0.        ]
 [-0.71749607  0.69050942 -0.09163043  0.        ]
 [-0.09869389  0.02944301  0.99468217  0.        ]
 [ 0.          0.          0.          1.        ]]

[[ 0.68953528  0.72272391  0.04702382  0.        ]
 [-0.71749607  0.69050942 -0.09163043  0.        ]
 [-0.09869389  0.02944301  0.99468217  0.        ]
 [ 0.          0.          0.          1.        ]]

[[ 0.68959811  0.72267555  0.04684552  0.        ]
 [-0.71745744  0.69055559 -0.09158499  0.        ]
 [-0.09853567  0.02954717  0.99469477  0.        ]
 [ 0.          0.          0.          1.        ]]

[[ 0.68959811  0.72267555  0.04684552  0.        ]
 [-0.71745744  0.69055559 -0.09158499  0.        ]
 [-0.09853567  0.02954717  0.99469477  0.        ]
 [ 0.          0.          0.          1.        ]]

[[ 0.68965122  0.72262832  0.04679217  0.        ]
 [-0.71741426  0.69060383 -0.09155939  0.        ]
 [-0.09847826  0.02957468  0.99469964  0.        ]
 [ 0.          0.          0.          1.        ]]

[[ 0.68965122  0.72262832  0.04679217  0.        ]
 [-0.71741426  0.69060383 -0.09155939  0.        ]
 [-0.09847826  0.02957468  0.99469964  0.        ]
 [ 0.          0.          0.          1.        ]]

[[ 0.6896415   0.72263028  0.04690501  0.        ]
 [-0.71740811  0.69060385 -0.09160745  0.        ]
 [-0.0985911   0.02952626  0.9946899   0.        ]
 [ 0.          0.          0.          1.        ]]

[[ 0.6896415   0.72263028  0.04690501  0.        ]
 [-0.71740811  0.69060385 -0.09160745  0.        ]
 [-0.0985911   0.02952626  0.9946899   0.        ]
 [ 0.          0.          0.          1.        ]]

[[ 0.6896415   0.72263028  0.04690501  0.        ]
 [-0.71740811  0.69060385 -0.09160745  0.        ]
 [-0.0985911   0.02952626  0.9946899   0.        ]
 [ 0.          0.          0.          1.        ]]

[[ 0.6896415   0.72263028  0.04690501  0.        ]
 [-0.71740811  0.69060385 -0.09160745  0.        ]
 [-0.0985911   0.02952626  0.9946899   0.        ]
 [ 0.          0.          0.          1.        ]]

[[ 0.68979106  0.72248823  0.0468941   0.        ]
 [-0.71727742  0.69075462 -0.09149402  0.        ]
 [-0.09849567  0.02947568  0.99470085  0.        ]
 [ 0.          0.          0.          1.        ]]

[[ 0.68979106  0.72248823  0.0468941   0.        ]
 [-0.71727742  0.69075462 -0.09149402  0.        ]
 [-0.09849567  0.02947568  0.99470085  0.        ]
 [ 0.          0.          0.          1.        ]]

[[ 0.68995954  0.72231132  0.0471401   0.        ]
 [-0.71707048  0.69093938 -0.09172075  0.        ]
 [-0.09882188  0.02948083  0.99466834  0.        ]
 [ 0.          0.          0.          1.        ]]

[[ 0.68995464  0.72231627  0.04713604  0.        ]
 [-0.71705913  0.69092921 -0.09188591  0.        ]
 [-0.09893835  0.02959778  0.99465329  0.        ]
 [ 0.          0.          0.          1.        ]]

[[ 0.68999795  0.7222718   0.04718344  0.        ]
 [-0.71700815  0.69097539 -0.09193657  0.        ]
 [-0.09900579  0.02960513  0.99464636  0.        ]
 [ 0.          0.          0.          1.        ]]

[[ 0.68999795  0.7222718   0.04718344  0.        ]
 [-0.71700815  0.69097539 -0.09193657  0.        ]
 [-0.09900579  0.02960513  0.99464636  0.        ]
 [ 0.          0.          0.          1.        ]]

[[ 0.69008945  0.72218108  0.04723393  0.        ]
 [-0.71691091  0.69106974 -0.09198566  0.        ]
 [-0.09907224  0.02961581  0.99463943  0.        ]
 [ 0.          0.          0.          1.        ]]

[[ 0.69010374  0.72216151  0.04732414  0.        ]
 [-0.71687829  0.69108977 -0.09208934  0.        ]
 [-0.0992086   0.02962555  0.99462555  0.        ]
 [ 0.          0.          0.          1.        ]]

[[ 0.69012292  0.72214018  0.04737002  0.        ]
 [-0.71685042  0.69111182 -0.0921408   0.        ]
 [-0.09927655  0.02963126  0.9946186   0.        ]
 [ 0.          0.          0.          1.        ]]

[[ 0.69009879  0.72216334  0.04736847  0.        ]
 [-0.71687358  0.69108769 -0.09214159  0.        ]
 [-0.09927705  0.02962959  0.9946186   0.        ]
 [ 0.          0.          0.          1.        ]]

[[ 0.69016621  0.72209648  0.04740534  0.        ]
 [-0.71679773  0.69115595 -0.09221967  0.        ]
 [-0.09935598  0.02966686  0.9946096   0.        ]
 [ 0.          0.          0.          1.        ]]

[[ 0.69019473  0.72205895  0.0475616   0.        ]
 [-0.71672908  0.69119189 -0.09248348  0.        ]
 [-0.09965272  0.02974283  0.99457765  0.        ]
 [ 0.          0.          0.          1.        ]]

[[ 0.69019473  0.72205895  0.0475616   0.        ]
 [-0.71672908  0.69119189 -0.09248348  0.        ]
 [-0.09965272  0.02974283  0.99457765  0.        ]
 [ 0.          0.          0.          1.        ]]

[[ 0.69021141  0.72203733  0.04764778  0.        ]
 [-0.71670131  0.69121597 -0.09251869  0.        ]
 [-0.09973686  0.02970823  0.99457025  0.        ]
 [ 0.          0.          0.          1.        ]]

[[ 0.69023799  0.72201447  0.04760903  0.        ]
 [-0.71667803  0.69123804 -0.09253412  0.        ]
 [-0.09972014  0.02975022  0.99457067  0.        ]
 [ 0.          0.          0.          1.        ]]

[[ 0.69030583  0.72196187  0.04742268  0.        ]
 [-0.7166492   0.69129231 -0.09235184  0.        ]
 [-0.09945744  0.02976559  0.99459652  0.        ]
 [ 0.          0.          0.          1.        ]]

[[ 0.69030583  0.72196187  0.04742268  0.        ]
 [-0.7166492   0.69129231 -0.09235184  0.        ]
 [-0.09945744  0.02976559  0.99459652  0.        ]
 [ 0.          0.          0.          1.        ]]

[[ 0.69035401  0.72191639  0.04741369  0.        ]
 [-0.71660126  0.69133845 -0.09237848  0.        ]
 [-0.09946845  0.02979715  0.99459447  0.        ]
 [ 0.          0.          0.          1.        ]]

[[ 0.69035401  0.72191639  0.04741369  0.        ]
 [-0.71660126  0.69133845 -0.09237848  0.        ]
 [-0.09946845  0.02979715  0.99459447  0.        ]
 [ 0.          0.          0.          1.        ]]

[[ 0.69034418  0.72191917  0.04751446  0.        ]
 [-0.71659339  0.69133641 -0.09245471  0.        ]
 [-0.0995933   0.02977702  0.99458258  0.        ]
 [ 0.          0.          0.          1.        ]]

[[ 0.69034418  0.72191917  0.04751446  0.        ]
 [-0.71659339  0.69133641 -0.09245471  0.        ]
 [-0.0995933   0.02977702  0.99458258  0.        ]
 [ 0.          0.          0.          1.        ]]

[[ 0.69044055  0.7218258   0.04753273  0.        ]
 [-0.71650248  0.69143484 -0.09242329  0.        ]
 [-0.0995793   0.02975547  0.99458462  0.        ]
 [ 0.          0.          0.          1.        ]]

[[ 0.69044055  0.7218258   0.04753273  0.        ]
 [-0.71650248  0.69143484 -0.09242329  0.        ]
 [-0.0995793   0.02975547  0.99458462  0.        ]
 [ 0.          0.          0.          1.        ]]

[[ 0.69048378  0.72178211  0.04756809  0.        ]
 [-0.71644977  0.6914789  -0.09250215  0.        ]
 [-0.09965873  0.02979109  0.9945756   0.        ]
 [ 0.          0.          0.          1.        ]]

[[ 0.69048378  0.72178211  0.04756809  0.        ]
 [-0.71644977  0.6914789  -0.09250215  0.        ]
 [-0.09965873  0.02979109  0.9945756   0.        ]
 [ 0.          0.          0.          1.        ]]

[[ 0.69048378  0.72178211  0.04756809  0.        ]
 [-0.71644977  0.6914789  -0.09250215  0.        ]
 [-0.09965873  0.02979109  0.9945756   0.        ]
 [ 0.          0.          0.          1.        ]]

[[ 0.69047389  0.72178653  0.0476447   0.        ]
 [-0.71643859  0.69147272 -0.09263484  0.        ]
 [-0.09980759  0.02982744  0.99455959  0.        ]
 [ 0.          0.          0.          1.        ]]

[[ 0.69049557  0.72176382  0.04767447  0.        ]
 [-0.71641383  0.69149688 -0.09264603  0.        ]
 [-0.0998353   0.02981703  0.99455712  0.        ]
 [ 0.          0.          0.          1.        ]]

[[ 0.69057021  0.72169316  0.04766298  0.        ]
 [-0.7163477   0.6915711  -0.09260342  0.        ]
 [-0.0997936   0.0298059   0.99456164  0.        ]
 [ 0.          0.          0.          1.        ]]

[[ 0.69062822  0.7216425   0.04758947  0.        ]
 [-0.71631263  0.69162538 -0.09246915  0.        ]
 [-0.09964375  0.02977286  0.99457765  0.        ]
 [ 0.          0.          0.          1.        ]]

[[ 0.69062822  0.7216425   0.04758947  0.        ]
 [-0.71631263  0.69162538 -0.09246915  0.        ]
 [-0.09964375  0.02977286  0.99457765  0.        ]
 [ 0.          0.          0.          1.        ]]

[[ 0.69066653  0.72160457  0.04760877  0.        ]
 [-0.71624675  0.69165716 -0.0927414   0.        ]
 [-0.09985156  0.02995375  0.99455138  0.        ]
 [ 0.          0.          0.          1.        ]]

[[ 0.69066653  0.72160457  0.04760877  0.        ]
 [-0.71624675  0.69165716 -0.0927414   0.        ]
 [-0.09985156  0.02995375  0.99455138  0.        ]
 [ 0.          0.          0.          1.        ]]

[[ 0.69077268  0.7215203   0.04734507  0.        ]
 [-0.71613866  0.69172666 -0.09305729  0.        ]
 [-0.09989257  0.0303758   0.99453446  0.        ]
 [ 0.          0.          0.          1.        ]]

[[ 0.69077268  0.7215203   0.04734507  0.        ]
 [-0.71613866  0.69172666 -0.09305729  0.        ]
 [-0.09989257  0.0303758   0.99453446  0.        ]
 [ 0.          0.          0.          1.        ]]

[[ 0.69083565  0.72147642  0.04709432  0.        ]
 [-0.71608996  0.69176036 -0.09318139  0.        ]
 [-0.09980616  0.03064926  0.99453474  0.        ]
 [ 0.          0.          0.          1.        ]]

[[ 0.69083565  0.72147642  0.04709432  0.        ]
 [-0.71608996  0.69176036 -0.09318139  0.        ]
 [-0.09980616  0.03064926  0.99453474  0.        ]
 [ 0.          0.          0.          1.        ]]

[[ 0.69082581  0.72147847  0.04720719  0.        ]
 [-0.71608372  0.69176036 -0.09322935  0.        ]
 [-0.09991903  0.03060094  0.9945249   0.        ]
 [ 0.          0.          0.          1.        ]]

[[ 0.69082581  0.72147847  0.04720719  0.        ]
 [-0.71608372  0.69176036 -0.09322935  0.        ]
 [-0.09991903  0.03060094  0.9945249   0.        ]
 [ 0.          0.          0.          1.        ]]

[[ 0.69077265  0.72152587  0.0472605   0.        ]
 [-0.71612697  0.69171214 -0.09325493  0.        ]
 [-0.09997651  0.03057343  0.99451997  0.        ]
 [ 0.          0.          0.          1.        ]]

[[ 0.69077265  0.72152587  0.0472605   0.        ]
 [-0.71612697  0.69171214 -0.09325493  0.        ]
 [-0.09997651  0.03057343  0.99451997  0.        ]
 [ 0.          0.          0.          1.        ]]

[[ 0.69077269  0.72152742  0.04723634  0.        ]
 [-0.71612359  0.69170802 -0.09331139  0.        ]
 [-0.10000048  0.0306299   0.99451582  0.        ]
 [ 0.          0.          0.          1.        ]]

[[ 0.69077269  0.72152742  0.04723634  0.        ]
 [-0.71612359  0.69170802 -0.09331139  0.        ]
 [-0.10000048  0.0306299   0.99451582  0.        ]
 [ 0.          0.          0.          1.        ]]

[[ 0.69070478  0.72158179  0.04739854  0.        ]
 [-0.716149    0.69164948 -0.09355006  0.        ]
 [-0.10028719  0.03067105  0.99448568  0.        ]
 [ 0.          0.          0.          1.        ]]

[[ 0.69070478  0.72158179  0.04739854  0.        ]
 [-0.716149    0.69164948 -0.09355006  0.        ]
 [-0.10028719  0.03067105  0.99448568  0.        ]
 [ 0.          0.          0.          1.        ]]

[[ 0.6907048   0.72158098  0.04741062  0.        ]
 [-0.71615066  0.69165157 -0.09352183  0.        ]
 [-0.1002752   0.03064283  0.99448776  0.        ]
 [ 0.          0.          0.          1.        ]]

[[ 0.6907048   0.72158098  0.04741062  0.        ]
 [-0.71615066  0.69165157 -0.09352183  0.        ]
 [-0.1002752   0.03064283  0.99448776  0.        ]
 [ 0.          0.          0.          1.        ]]

